1620 processed
2400

820


small
e9db2c88-50d4-4ae1-9401-8a0c472dcdf6 c47329d7-f34c-4008-bc7c-e05ab8436d5f 6748fb13-55c9-4d8a-bd39-dd6e5a37a344 f819f2b2-6789-45a5-bea1-7c95d876942d 105f1d4b-bc32-43f5-9375-09b2056986c8 8cf3424a-0cd9-4ef7-9afe-72baf17da53a e9db2c88-50d4-4ae1-9401-8a0c472dcdf6 c47329d7-f34c-4008-bc7c-e05ab8436d5f 6748fb13-55c9-4d8a-bd39-dd6e5a37a344 f819f2b2-6789-45a5-bea1-7c95d876942d 105f1d4b-bc32-43f5-9375-09b2056986c8 8cf3424a-0cd9-4ef7-9afe-72baf17da53a


<<big ijcar>>
[0.0248458371161045, 0.08899707671728442, 0.26689251188571317, 0.04290251281944014, 0.011275311909950295, 0.028248737250047503, 0.02603948623831803, 0.06664141066100625, 0.0810002600777718, 0.36136166588705426, 0.009830463988145334, 0.09320136973361601, 0.09472541025628882, 0.13323220798123683, 0.038894532814894106, 0.036864278111291726, 0.4125313701744402, 0.10257978516365801, 0.024926855076403052, 0.1313756896469901, 0.022281982322545264, 0.12593228000618287, 0.0049545012530694795, 0.30333270793745054, 0.11905769967074332, 0.08436747288301731, 0.031242515007598184, 0.07425961700383034, 0.03906530396656342, 0.11571031752613962, 0.07547301576501798, 0.05946452372259906, 0.0228333230948883, 0.0496889609895621, 0.10192658969517676, 0.0877575137789733, 0.003972092171919244, 0.017123694169191378, 0.05921902983745065, 0.13306955060418602, 0.13468784906095527, 0.04314506814869523, 0.07512235211676709, 0.05368870684686764, 0.025993892133003575, 0.10911773273650602, 0.06400380735723628, 0.07532157819347358, 0.034459796636402584, 0.04753910054073624, 0.06185153065742759, 0.033180315138146066, 0.0448453784538237, 0.03707134512741024, 0.04156700590078078, 0.029344094037623437, 0.03949114615539371, 0.018288809152654583, 0.015203367879811766, 0.0046463534327709525, 0.03673088470060151, 0.021138432965151926, 0.02958194140950782, 0.011266725354876668, 0.014383692316879826, 0.1358395006771675, 0.052483695931847936, 0.078138428114611, 0.08084861414740235, 0.06406457461724774, 0.0072008635747542035, 0.2440645757758926, 0.034504910185202464, 0.047123404873680816, 0.24269022681233468, 0.047830748499265566, 0.06810561232053888, 0.07362504243499994, 0.048996297012007896, 0.06312809057428839, 0.02127634770245014, 0.06059520804119388, 0.10580164427623841, 0.0416858238920086, 0.06898541832558211, 0.08973058759419741, 0.04284352096745645, 0.08158836560441693, 0.02457956675777644, 0.08956734025425925, 0.02200965614351022]
Max std: 0.412531
Avg std: 0.073034

7432004e-e77d-443f-b993-54eea35a9c33 582fda72-7067-4f51-890c-760f6ca2169c 5ef30fb8-b6a0-4b06-81e0-a6e635a6787a


[0.09920749790324424, 0.029743707954605927, 0.9521095016983186, 0.01828187164622068, 0.03993782518142705, 0.013292124644147576, 0.0181325247430013, 0.051884125159393, 0.023709762213531892, 0.2957417783419995, 0.030705161140542298, 0.12304380765221605, 0.06658841323800674, 0.026782604918533386, 0.08435998142879557, 0.043162326615798684, 0.12346578249143499, 0.007421505148328439, 0.02134295968749937, 0.03369918816364695, 0.015653325106471414, 0.1454616907398273, 0.013697463706832674, 0.42619750447024696, 0.013077401024498638, 0.29737869678950146, 0.06567868473273672, 0.08208900611057622, 0.22652131601879963, 0.3621172323332138, 0.22062325345005906, 0.0712697252991915, 0.06501202751457258, 0.09627521533949783, 0.04895729921971688, 0.22403111986061272, 0.04046762667449952, 0.006881041603969266, 0.01725374553217056, 0.07521605103670063, 0.04272685530462338, 0.046901557038830415, 0.05558712081648631, 0.08873511316396811, 0.011756828436652838, 0.08220081831033607, 0.019109022703075743, 0.07860331862374934, 0.042168225370400526, 0.035974397287824304, 0.1111841686842146, 0.04553830107600536, 0.021682396259536232, 0.058008851889652074, 0.02282018617121465, 0.017402177698973988, 0.1379929007376833, 0.03809781363222243, 0.11727660075034396, 0.011624234196998363, 0.03763328583699398, 0.036249000068967356, 0.0033693901855115795, 0.04207029680057983, 0.013514706319002609, 0.07641981402024593, 0.0718090422857734, 0.03992699944482021, 0.044528746762313394, 0.034546049367313876, 0.005850617574239498, 0.10516319774944534, 0.05141125365131649, 0.09815345143306056, 0.29576523680220984, 0.025803477961098432, 0.022291188951890674, 0.015906604728853888, 0.021683604374426867, 0.04096185739061278, 0.03723173824395881, 0.11018404909362635, 0.2817826954279967, 0.02273637131704757, 0.05744441146592661, 0.07829613526576859, 0.07386854681271486, 0.08184744664855993, 0.0818294652772193, 0.06997507776820731, 0.1498848355912706]
Max std: 0.952110
Avg std: 0.086044


7e32f886-333e-406d-85fc-1838ae66c58b 51f1ac07-6cf5-45b3-a312-bf111523bcd5 b5319d4c-81d7-468c-a4c9-6255997788e9


<<big bitvec>>
7a8d0ddf-149b-4948-ac04-edaf62777caf 0f5a8fcf-d372-4672-a65f-5817f5b67708 edef7859-7d99-4a01-9b6e-5c0fac8d460c

[0.1704692860625247, 0.013263416779497932, 0.207414692173808, 0.029567195271486456, 0.029625671671710298, 0.026095840669007636, 0.06347075444293654, 0.076829213720361, 0.017037065964146142, 0.06817246015967315, 0.06716955801717185, 0.05655836775304696, 0.13852260806814168, 0.04114060343099841, 0.026302307355481655, 0.12630586420889411, 0.030977679021443116, 0.041779789404288184, 0.06816954237943956, 0.028072064298871813, 0.03718493927205838, 0.10801619257315127, 0.07170218191163277, 0.04096942394843574, 0.07132873362584444, 0.0263728106242438, 0.03716894438760528, 0.02656893394340262, 0.017258114458615345, 0.005469699077645848, 0.08325206993622841, 0.052677554849184995, 0.11775901357244631, 0.4197870013203784, 0.02342620627986249, 0.1652372519950903, 0.016428820739446882, 0.04248976398564202, 0.03536010822947241, 0.04111765227031125, 0.032088500775199806, 0.01939383534929471, 0.1088205650304921, 0.06185817737013881, 0.0956683730544681, 0.07377685856840335, 0.058839707462071955, 0.10978477410218017, 0.055813510648309035, 0.025211196097501352, 0.05699588313397932, 0.0936877914363564, 0.02244642692179659, 0.05045944768491499, 0.024962918913193348, 0.031552144790630135, 0.013735371661031424, 0.14275532541380034, 0.1461326109767739, 0.06415596647753545, 0.11284103304501701, 0.04504030069714115, 0.06339229682084582, 0.04203663259851125, 0.07032775736664856, 0.009296844231601757, 0.13420303735840766, 0.1356973914299343, 0.08282002900667633, 0.09064939164715877, 0.03375637899551562, 0.12173115017757616, 0.04292279194346778, 0.23895201734657967, 0.12250540499368431, 0.05691482588921837, 0.060233907599181014, 0.04909078974942464]
Max std: 0.419787
Avg std: 0.071373



[0.19782639718759157, 0.029616516011622025, 0.05988721592200522, 0.07348830262626072, 0.06516449995886486, 0.02435610134830523, 0.056835493786893586, 0.08669974167204884, 0.07462472302721722, 0.01905800025069665, 0.12375822699925845, 0.3235830209146062, 0.05368288509385455, 0.09400603921852885, 0.05556468742525867, 0.06887726078725515, 0.10179571060489537, 0.013881909218675782, 0.08745935589873864, 0.11870597081397773, 0.05017312213393414, 0.011971566100092729, 0.2800268651004753, 0.03323534219605531, 0.06339907979002711, 0.026824647376785735, 0.018176601742044277, 0.09046063233620816, 0.012510981123263945, 0.08451077286884133, 0.03449762459777324, 0.11281631085086934, 0.026043560180760494, 0.08537275923072116, 0.049933109098292704, 0.05962677635648829, 0.388846468984296, 0.016847943026441756, 0.022990254993511185, 0.11220599506562322, 0.046609614659066496, 0.009326350518825698, 0.05871094474343496, 0.03804612819839732, 0.027310288867018456, 0.1441658344554012, 0.23632834399952016, 0.042646731037937834, 0.05753523757374027, 0.027562700024973352, 0.035748617029971404, 0.06659650713062959, 0.13547722664959846, 0.05408575741254703, 0.047801753394154475, 0.04138586436883433, 0.036830972259167316, 0.055193344262591065, 0.07489927140870961, 0.25113515355282084, 0.034626220854529606, 0.07375773186287359, 0.03716011789539969, 0.019854928629660026, 0.027237633638446307, 0.12108083539336656, 0.04590996737819229, 0.14036798551505805, 0.35467609608611816, 0.10287139030956215, 0.18178941140842647, 0.028647079793002756, 0.17073808273753338, 0.03100126408533835, 0.062295687514376974, 0.0513951831876185, 0.15102436657263815, 0.1482678666498202, 0.03054793409636001]
Max std: 0.388846
Avg std: 0.083671

d9e02597-16be-4752-b4db-fe6c52327934 e1e4cebe-e98e-4cd9-89fe-8422c04a7a15 e72bfe70-91c2-4cd8-9883-c659f3f40c12